[22,27,16,2,18,6]

[22,27,16,2,18,6] 
[22,16,27,2,18,6] 
[22,16,27,2,18,6]
[16,22,27,2,18,6]
[16,22,2,27,18,6]
[16,2,22,27,18,6]
[2,16,22,27,18,6]
[2,16,22,18,27,6]
[2,16,18,22,27,6]
[2,16,18,22,6,27]
[2,16,18,6,22,27]
[2,16,6,18,22,27]
[2,6,16,18,22,27]
----------0----------0----------0--------
Big-O notation  O(n^2) for average and worst case
Big-O notation  O(n) for best case
----------0----------0----------0--------
Time complexity: for this range 18 is worst case.
----------0----------0----------0----------0--------0----------0----------0------------------0----------0----------0--------


[7,3,5,8,2,9,4,15,6] for selection sort 4 step

[2,3,5,8,7,9,4,15,6]
[2,3,4,8,7,9,5,15,6]
[2,3,4,5,7,9,8,15,6]
[2,3,4,5,6,9,8,15,7]